-387
419
-402
-891
831
-273
394
804
8
352
-615
547
772
501
-726
493
-118
669
-591
-607
643
-618
-525
-789
-696
-881
520
854
-21
241
582
87
-569
-743
-424
-972
660
767
-53
748
-299
22
-504
-498
927
-268
982
-622
-249
146
-630
-27
72
227
-863
-300
-261
729
-58
-186
689
310
-658
-725
252
-640
-270
-633
339
230
-149
-169
-671
739
-403
391
-715
-775
-814
885
381
-837
317
914
262
368
148
264
-545
347
-609
-294
820
722
-459
385
203
399
215
812
-875
-261
-635
222
261
-407
-475
64
-253
290
877
721
-234
778
-222
-593
-555
-377
205
-820
408
-967
646
-400
-214
-364
112
-488
-139
141
378
568
955
920
31
-8
358
-167
17
379
130
-390
-58
-66
578
-216
-416
-572
-961
-697
-679
-978
454
694
-796
-750
236
-705
715
-493
-281
878
-239
829
158
783
-434
-241
338
704
-423
-902
872
604
387
-230
557
629
696
-299
-738
-433
-917
-425
364
-489
-418
-28
-983
535
236
846
36
556
-834
209
568
-385
-66
637
-820
245
682
229
-108
-78
177
503
-63
-561
391
-126
-305
741
-839
-945
-247
-68
439
-575
-320
-445
169
654
-986
-814
229
-431
940
-525
703
207
767
366
847
-860
-605
50
-510
-888
825
560
547
252
413
663
-599
239
766
69
968
-973
743
795
686
971
-130
185
-148
-882
837
321
398
-559
770
746
512
-951
-230
121
-593
480
-341
-643
713
577
-94
983
-890
-534
260
557
639
67
-168
838
-494
910
-817
891
104
205
-375
507
-421
-291
211
907
-421
876
811
-529
-380
-34
-769
-464
-588
-755
-491
-545
217
-287
-88
-380
305
-240
-608
205
389
-605
319
-206
680
316
69
-790
-194
816
-792
294
-232
-35
568
217
262
-18
-21
164
903
-441
835
292
707
467
329
363
964
-911
80
-283
-311
825
319
-331
-852
-387
997
179
241
625
-901
-898
353
110
-654
-273
87
-428
-733
517
916
693
-918
79
54
677
631
-819
412
401
563
-709
253
528
370
-732
-121
-929
47
439
-774
-882
-622
280
63
-365
841
-701
-557
83
-383
420
342
991
554
137
-489
670
840
773
998
-573
914
258
413
-332
-936
943
415
789
-452
993
-995
654
-68
-592
-961
545
-57
868
864
530
953
-77
-821
561
927
236
262
-981
998
14
839
-138
530
791
197
111
-138
-684
-810
823
-639
768
305
-608
319
500
-622
116
116
-209
-345
-888
-503
249
-617
867
-729
23
466
-225
-499
912
657
-486
773
192
838
-678
708
-395
901
651
657
335
-917
790
-96
666
-557
-81
925
922
-59
880
-469
434
31
176
398
788
-927
227
-974
-396
-487
-534
-87
-278
-346
601
389
-410
582
-654
114
447
789
86
-965
598
-281
342
530
332
845
112
927
-199
372
-557
999
327
941
-923
259
-186
979
877
-71
55
-103
-118
-919
138
829
232
325
195
-550
694
-700
-354
853
-610
-217
-994
757
144
340
525
-830
935
-596
-500
950
895
402
570
-497
504
44
151
-499
477
-807
-6
-281
594
-657
902
-933
511
58
596
721
-822
-836
183
-70
-15
-358
-776
-206
-57
-195
915
-974
-425
-89
-638
370
193
237
-584
289
-844
-378
-81
966
-347
454
796
-300
42
-126
-674
679
-474
682
119
206
256
33
-430
117
-657
-866
336
-295
746
847
689
-742
833
-2
677
-897
-86
907
8
-143
163
-40
552
-762
526
137
574
91
328
167
585
111
-813
770
-806
-580
-836
932
-938
497
-305
292
702
31
-726
445
786
-635
305
-263
-276
175
740
404
178
444
521
-287
-772
-827
299
464
-268
683
244
-147
-789
-587
12
-899
-269
193
-961
766
592
-865
-511
850
-110
439
820
19
-704
-12
-251
-66
-10
397
-506
251
-220
374
-293
597
-220
-692
-544
176
-397
-196
449
366
-552
-26
657
46
440
-635
977
-999
688
-329
-598
-489
-727
483
-51
19
-776
848
643
288
797
891
-379
175
-289
-671
-780
-285
998
106
24
-734
-406
-429
829
503
933
994
-160
-554
884
946
657
196
-812
-791
-715
-5
855
404
-93
687
162
-287
587
-178
83
826
472
-723
484
571
163
-503
698
243
-999
-172
705
-315
-873
838
42
-992
559
482
761
-521
617
-991
-96
730
799
220
-441
-16
52
591
608
897
-44
-604
-583
-759
-363
-825
-313
-48
366
-243
722
778
-39
588
-685
548
716
-7
729
-194
568
332
-460
491
896
505
-713
-918
-462
-643
833
-549
-375
-706
322
67
852
-881
-452
-361
-641
-202
43
-458
955
-332
395
-218
-326
716
186
613
-535
-417
170
935
774
886
536
-839
531
209
-78
785
178
-485
-27
-451
-391
-330
835
-637
-375
-401
-749
976
858
-299
361
-149
-649
220
634
837
817
-178
-860
687
-337
-259
-345
-136
345
233
933
-613
461
-221
713
166
645
754
-206
167
393
943
774
516
27
476
-301
-255
-158
552
820
-92
512
267
714
161
-567
-804
135
-35
-119
-502
499
455
741
-2
-710
-415
-141
823
-53
-872
-857
-517
258
-77
-285
-680
879
708
-328
-980
-606
-639
771
536
14
307
-754
283
-44
-85
-212
266
372
-13
903
314
-336
-170
-396
-202
85
89
234
116
-936
-255
-69
-414
-994
-445
-770
-933
-969
490
880
-282
970
-471
153
