-816
466
636
895
-983
947
-330
711
-281
815
128
175
-351
898
-608
241
794
495
132
517
190
-727
373
-853
-738
-790
185
-79
119
-59
-435
-469
395
-51
712
-417
-854
252
-921
-854
-165
508
977
518
-257
-439
903
572
527
39
895
-156
323
879
-901
-107
315
242
-787
-884
222
-597
-217
-716
208
981
-429
-874
-736
-553
-548
-158
-937
942
903
506
431
680
-411
40
-895
-453
513
526
939
-780
-26
992
-831
189
-680
-162
-986
840
66
373
-167
747
992
-307
229
889
497
202
146
-291
-803
873
575
-42
867
740
666
-432
744
-755
-269
-68
-667
125
-14
140
-865
-630
-560
-864
-809
324
-224
664
-78
14
233
-292
619
-70
-631
-592
-51
-205
-511
-184
577
-539
-929
797
-194
455
331
-166
-147
-58
-113
693
-706
-748
-335
-251
-985
517
-888
711
396
946
-215
958
-124
620
470
147
128
-793
-158
864
-934
-181
-995
-282
-135
655
-376
-523
-235
-422
-991
741
-704
-333
168
605
-99
-761
-996
-202
-701
383
-866
507
-405
415
-553
128
-617
-542
426
979
531
527
-609
-335
489
404
-465
-800
-795
887
-592
-372
-784
784
813
472
263
934
253
824
-91
412
920
-199
935
-213
-76
19
931
-812
-850
-369
791
-273
-33
-123
-171
565
-612
-31
353
23
-288
190
150
-415
169
-942
746
-627
-692
389
828
-664
-749
-399
-117
-215
766
-576
-637
611
88
-399
852
-15
507
740
-905
-423
-299
-659
51
824
-504
-148
961
320
292
553
-943
39
520
-363
-48
-823
830
286
241
-160
400
793
254
-37
172
690
-25
-67
556
978
370
843
-432
618
747
-209
699
-266
-12
664
252
-18
-366
462
-265
-978
-856
-449
-567
-669
354
-280
812
-696
52
-123
366
155
-819
512
-739
-65
-408
133
-305
452
-939
-399
881
-819
-773
805
596
245
518
126
-183
-439
-521
639
-184
-69
46
502
132
-960
-179
905
-618
454
560
-805
167
757
-920
919
520
777
227
-972
-634
-419
-279
-65
424
-32
-299
-338
-629
13
173
-611
-436
508
447
408
-92
-326
-689
239
-394
-833
-233
511
848
869
-961
-171
63
-347
-523
-806
-605
-152
676
346
359
352
138
-626
-812
241
-852
-401
128
-503
-631
-527
-749
47
-143
-275
-72
-140
171
71
-549
453
333
990
858
185
401
-754
-283
-579
463
364
-285
-643
-585
-831
-895
-61
-650
-988
65
759
-958
626
54
-622
270
-816
-898
258
-889
225
-230
71
348
323
655
630
-31
-938
-735
-105
4
-915
550
728
-918
308
815
-449
-650
788
-587
-818
619
763
486
-301
488
-613
196
-660
-20
-498
-391
339
-2
-86
397
-446
76
38
417
573
-84
-320
253
944
-133
-153
17
215
935
801
413
-590
327
-446
911
-448
981
40
-737
-595
371
890
-998
-339
-330
916
686
-834
238
-546
-503
394
456
939
-323
604
-393
574
101
888
-835
509
911
614
-204
655
355
-896
253
-181
959
-507
-953
-745
408
-550
-387
799
471
668
-393
868
880
-365
-566
-567
-264
-344
-852
-627
-420
-654
104
958
-811
721
167
822
-219
155
115
-153
414
-372
852
-959
-870
895
975
205
319
-905
778
-682
-938
947
572
826
865
-659
716
-953
188
-284
430
220
957
354
468
986
405
-510
388
-306
-200
-495
578
-173
259
-15
-603
906
779
-961
444
-146
-620
-569
-633
-195
651
-43
661
-361
-174
-98
-205
435
787
-604
982
-224
-728
-562
-731
-369
-301
-478
698
-159
300
449
-590
-648
444
-124
-75
-453
-188
334
-796
45
311
-251
-586
-543
329
87
-350
-247
-958
891
-529
-417
566
-603
-418
-610
466
-383
-321
-1000
582
21
-828
-456
-725
-955
633
863
-69
-820
-554
854
601
876
-504
714
-173
-900
482
809
672
-816
898
-208
656
56
-699
987
-915
-66
-112
407
29
385
674
-842
247
807
-840
414
-532
-12
988
183
-9
854
-328
-410
296
-102
685
-851
-917
-116
-174
561
-137
-357
595
-579
-242
981
-331
-288
-52
-377
-931
-35
389
863
-370
472
748
-899
175
-130
-306
-193
287
233
83
944
-811
-377
-338
-389
340
962
637
60
-859
-268
-3
-428
-282
-120
-784
409
-405
587
395
-785
660
916
-530
-379
236
-696
633
-220
-559
69
808
-80
-607
-330
48
715
-621
82
-857
-234
458
476
609
-677
-594
-90
809
-301
144
791
-242
755
-151
238
864
83
432
-505
338
-762
-384
-751
-177
-964
-758
-288
36
-584
275
110
234
-420
546
376
-572
391
98
-203
977
437
613
-700
732
807
150
494
-686
-681
87
-485
563
-270
638
-70
-823
790
395
-42
91
144
759
-803
-850
192
181
544
818
-879
-554
-937
917
-483
276
469
415
-737
-873
-950
-794
-674
-808
599
-400
-695
-461
132
68
444
372
-316
-943
-40
338
-505
-968
152
-806
245
-253
42
-556
679
-239
718
-510
-968
68
-233
491
-461
596
695
-845
-574
565
286
70
-154
-21
369
-891
-76
714
-171
170
30
358
-961
363
255
255
-287
-319
826
-910
478
-416
-701
-133
580
881
870
205
-404
-990
-219
-421
-697
-175
970
-921
-703
772
-117
810
-491
41
890
-427
800
1
596
-364
227
-144
82
-380
-827
19
487
80
-592
775
716
248
-701
-412
482
676
-437
423
585
-599
894
-793
884
-21
-230
-453
-220
-451
-95
104
462
321
-487
953
979
587
615
-216
-760
47
-223
-746
-916
-970
427
-794
425
-420
848
-485
778
521
350
-796
190
-699
-691
538
-797
588
-392
548
-859
-288
784
726
900
345
-176
676
-305
866
-298
235
86
-296
-332
817
903
60
-815
290
382
-968
22
-627
942
956
-863
788
-323
524
-521
9
958
-829
-438
-663
608
703
-968
300
778
61
-190
107
-608
-776
261
-715
437
191
-981
802
-120
-362
206
-523
-430
295
-879
-233
609
-287
118
198
0
-48
-743
782
-911
-947
182
-601
723
-308
644
-11
-14
651
768
547
422
709
869
-3
325
531
-784
177
-139
-507
-369
-874
-471
-815
437
-288
678
834
-507
-124
259
-845
-835
716
14
982
425
-620
354
-497
-948
-769
513
-278
817
446
-727
-675
-137
840
-20
615
547
-348
-649
643
297
843
776
725
-752
-27
-679
758
817
917
910
254
228
487
-815
-638
235
666
992
-99
-921
72
-245
-159
326
-266
827
-72
618
457
183
441
265
703
-932
-856
553
-131
163
743
-578
-872
-149
-364
963
-870
-18
-819
-74
98
-371
-12
965
648
133
-98
-136
-445
-156
-337
-788
752
-68
1
-453
-545
-229
964
966
-167
-168
214
-38
967
578
30
497
-480
-722
283
-788
-104
-2
-671
468
-430
816
231
196
200
337
746
-192
308
-901
102
864
728
-925
518
-165
938
-990
606
426
-955
-433
609
57
253
452
914
-455
-357
598
-788
942
719
-183
35
-768
-305
-68
599
-251
-189
-118
-575
-739
20
-294
-72
-388
-131
-518
712
-546
316
-903
518
-505
-707
296
241
382
-420
-675
577
-513
826
-411
468
-79
127
-390
399
-72
-247
-231
-890
912
-858
495
509
131
-505
-514
-720
-375
-253
260
401
659
34
-958
-532
-118
-356
76
-504
-189
664
912
-121
-202
-858
-427
963
17
458
308
967
-705
414
624
327
-410
486
84
12
843
250
181
210
658
-585
560
155
-453
-297
-379
-421
-774
675
-214
253
604
-465
397
-268
989
-910
-383
-691
517
185
354
109
-5
874
-255
851
555
-791
-14
-402
-977
758
-639
818
-521
818
-699
-679
-712
80
-266
445
-277
-893
789
552
-17
74
-686
982
-906
-311
-944
-465
-694
390
475
631
-302
-392
652
-494
357
-660
-907
-33
-302
-51
845
239
-381
-994
-845
-232
-542
168
-362
256
573
314
-273
635
692
769
-738
926
-557
202
-351
491
-272
-167
-604
267
-453
234
-999
-141
-237
458
-897
-1
-626
826
-69
409
-707
-835
570
322
910
798
-66
-221
-150
307
-180
803
498
556
12
-465
234
-276
-227
-807
-44
976
114
456
-736
-249
45
127
628
-867
626
723
378
-605
-484
522
787
467
722
874
-10
904
277
851
887
-25
-94
676
26
998
-922
-567
-189
466
-791
532
-348
403
-813
-99
-883
-352
-764
608
608
-808
-392
-730
639
541
-121
994
560
-786
-200
587
529
915
-811
1
-952
-632
789
-59
225
-485
488
-605
-692
-78
863
-212
-318
-123
-289
48
-520
-49
-531
-706
824
-260
-702
307
-252
-223
593
513
804
-616
486
105
630
158
-831
130
903
51
250
497
754
-468
717
920
766
-696
809
-241
-89
-568
497
972
-859
792
406
671
-698
-524
907
-409
660
-450
690
-859
820
840
-206
747
709
-557
-34
-724
398
-877
-820
627
-3
901
-231
596
-183
-806
176
-792
-643
-784
-339
229
824
887
-725
-496
628
-8
-388
140
117
238
590
5
586
616
-33
-766
848
-12
-139
-525
-475
532
-332
559
897
-377
973
257
624
930
803
-159
-449
-124
-61
650
-975
212
-992
-16
-92
-83
776
-611
720
563
-504
-450
-563
839
-409
-839
-170
-149
-878
98
-984
943
866
-945
-592
197
108
659
179
630
277
194
-230
-95
-504
-928
714
-574
952
950
-209
-553
322
-761
-535
128
331
9
138
149
-95
-898
162
-985
-393
-902
-620
-728
629
-536
-443
759
-881
243
935
-836
-144
-91
-622
-679
-570
-520
-805
728
-84
78
-526
415
-653
692
-560
-381
-355
-710
-10
134
-586
-556
187
398
782
12
-658
226
-849
132
455
694
-593
-756
273
708
-178
-890
151
-201
750
185
-287
245
-875
-766
-521
352
4
-968
32
19
905
-98
-45
-433
592
96
-362
-720
-652
-138
481
-552
-137
-689
-324
350
-210
-190
949
316
947
812
936
-268
666
-590
817
389
783
699
-958
-285
-565
849
476
-73
-46
740
-442
-492
595
190
-846
258
490
-284
421
-51
628
-861
555
600
-130
-350
-750
-708
-457
725
-671
-889
-428
-427
-285
858
749
486
-305
505
438
-563
279
505
-570
-412
-224
140
-809
185
5
-113
916
246
-690
865
-790
240
63
-863
716
-299
566
34
-910
746
-317
-56
526
-531
915
-197
335
-594
559
-706
930
363
696
-699
-778
-901
-83
-127
989
20
-974
783
96
-616
317
997
906
-221
-382
708
269
279
-579
-630
-49
-814
534
941
-562
-34
-834
-496
-257
784
649
-310
702
912
-182
-908
253
-798
266
-129
-536
-981
997
-398
-1
929
-216
-621
-808
-292
793
729
392
-518
514
-153
502
-174
177
544
334
-346
169
-501
294
-209
590
-492
-321
-927
74
-939
-314
-51
-936
904
-143
-931
-718
379
-19
-379
109
440
-465
535
-940
-390
40
792
-423
-397
-326
-236
305
-387
-736
-896
-562
-955
708
-419
-411
170
-382
-601
-151
-252
742
-558
-281
45
-699
425
733
435
-217
-923
746
-887
135
-670
-823
-673
-376
274
840
-933
-765
-762
172
-668
522
965
-407
-58
588
253
521
-155
860
871
108
-322
418
-632
-965
-228
81
803
-477
221
-99
825
-461
976
333
727
-349
-248
-583
-671
387
442
-7
-293
840
305
507
-465
-795
-29
126
905
136
-942
7
608
475
382
587
-797
260
-537
279
612
637
-783
-705
-789
-146
-772
186
-842
-289
371
551
-734
-241
-360
636
73
-616
-845
366
-37
-877
-870
-826
-907
-835
118
-267
-532
538
453
-100
708
-443
-93
-137
-814
804
-198
-546
234
-544
534
9
-389
-204
-776
-854
795
-537
995
-301
171
203
-268
-209
-205
185
-340
-383
12
-613
-917
-527
262
245
348
465
575
528
-893
-570
371
208
452
-393
-753
456
-521
547
-309
854
17
-726
89
233
883
696
905
-845
119
985
-613
27
-323
903
505
81
-43
-644
523
746
33
88
212
-865
-661
-603
221
-362
198
-604
-33
-750
-360
916
734
359
-226
525
499
-49
241
-11
941
-496
8
692
472
-853
-475
-207
509
495
-111
-808
582
948
706
-45
370
109
931
503
939
-410
-584
666
731
-113
182
-752
-699
693
80
-576
822
-550
-136
573
263
638
-242
11
978
-987
-894
766
908
-690
507
861
716
-881
515
722
-652
840
246
-316
-892
228
103
-94
-932
532
448
932
746
-820
-90
632
443
345
-219
-516
-545
845
-804
562
383
963
481
-708
298
953
628
-290
-61
-436
-960
839
251
-827
942
443
-409
875
723
-795
431
186
-449
723
-424
-169
-304
-375
200
-960
557
-981
-690
-415
-707
-740
-253
789
-227
669
-321
-127
866
640
44
-715
571
-872
489
384
249
-32
223
-113
-920
-855
-31
-83
415
259
-46
847
-759
713
649
874
902
834
-95
37
-107
-527
618
546
-33
688
-20
592
356
855
523
-178
-195
-982
-348
779
37
161
-524
461
353
672
-833
-685
-128
644
-580
941
815
-648
-308
95
-21
-505
254
-860
832
675
-228
-338
-104
-636
-466
797
-366
-674
29
-66
23
700
-602
999
522
782
348
-47
-358
696
409
-145
-143
-697
330
-688
-441
-985
-680
398
926
14
854
562
487
269
-811
-175
623
786
-3
-231
601
-576
636
827
943
194
-251
-834
-767
-41
737
-155
291
252
322
520
-230
45
311
-693
715
843
-745
940
-843
475
-898
963
-586
12
-565
911
-468
-697
652
-690
-978
-700
-795
-387
473
-470
-659
590
-630
831
309
13
788
-497
697
830
13
709
-479
-251
-9
-180
510
-428
-165
271
193
-616
-750
421
-792
-245
-332
-927
-164
995
-335
-521
-47
694
-674
901
-501
779
704
-205
959
639
233
164
458
280
139
-503
762
284
2
515
871
-749
-360
209
596
298
431
-105
390
-179
75
-248
-533
-777
-869
-369
-781
-474
179
-320
409
-335
201
609
410
28
-731
-979
121
-59
-845
-108
-272
-627
810
9
347
572
-771
-994
-684
-855
537
-250
-148
-242
-251
-799
-769
546
-346
20
98
128
-42
-685
898
-368
288
495
299
659
40
-614
857
645
-92
-142
-904
551
757
43
-578
426
-3
6
-22
-696
817
737
-369
-305
-234
936
-126
258
464
-982
88
-389
584
687
749
373
29
363
-445
-665
-60
-726
-182
-352
-805
-635
-377
824
335
702
-760
713
559
-504
319
-904
-999
-679
8
98
46
521
-956
209
-720
652
368
231
60
-448
-959
-606
-892
-639
-75
488
-936
352
279
418
373
957
575
-332
16
-408
189
142
-731
489
376
-255
207
29
-288
512
521
461
910
876
-167
-948
-895
-135
-824
388
-962
-575
-998
920
559
-170
506
-59
-951
-944
-14
120
853
-216
-382
-360
-889
379
547
450
-78
-417
-336
597
-154
-191
-327
-768
200
-124
-873
-855
-981
421
382
199
-531
-628
-510
811
-388
541
-220
220
950
-469
926
287
-515
-972
-953
276
957
-785
-151
980
-786
37
-336
-922
31
615
-10
-170
666
517
146
469
-510
823
-161
-168
-592
-278
808
-197
583
-785
243
510
425
-820
854
-617
280
-313
-54
317
-191
-796
-414
981
-604
219
-637
-107
579
843
-736
-493
580
-329
-861
-905
-102
-15
-237
166
-835
-619
-287
103
704
695
-935
200
563
224
-643
932
559
775
-300
62
19
642
-475
598
922
568
555
-388
652
656
653
-788
471
-466
-398
-514
281
-590
-114
829
713
773
-811
792
259
113
953
540
145
-539
187
860
-637
912
-365
-742
478
301
952
776
261
578
907
253
-537
346
-484
-450
-141
-877
-128
830
-77
-478
886
620
-90
535
-106
-372
-222
565
-50
-53
-735
-17
-4
-457
139
692
-914
-747
646
-962
488
322
-773
-832
-814
-247
-922
782
-475
-820
-616
422
643
440
-749
992
22
279
553
-507
11
-947
700
844
276
-646
152
-946
-173
219
282
47
246
776
359
-297
-621
-393
-99
372
597
392
-970
993
-652
-63
-338
-368
431
-801
-855
898
965
-744
539
-530
-459
76
658
-526
216
-436
262
-987
-660
-622
31
938
506
664
528
-796
-642
603
119
-808
-367
542
-351
-985
311
-279
-641
-719
-151
107
-89
910
625
564
586
734
-528
991
985
-176
-791
-631
-976
654
-530
70
718
99
83
225
-867
-930
736
-706
-392
-539
223
-882
-265
-529
387
-55
-771
-715
-208
319
-907
392
-908
-481
-533
131
574
438
881
996
542
-345
914
-453
-972
-891
927
95
-288
712
-35
-471
-991
579
376
91
635
-393
596
334
-116
20
863
-657
-53
-605
672
-565
858
-429
2
-243
-947
506
559
837
156
144
-148
-1
697
-173
-626
-595
-134
-767
-147
-765
413
221
863
688
-633
-351
283
-137
437
823
-935
271
642
931
343
906
-293
-283
902
200
-862
825
-319
-696
-436
-705
599
414
-558
-18
833
-400
-748
920
438
-704
-246
691
-856
666
755
443
-626
-36
654
790
91
756
-616
239
852
-227
39
-147
510
-707
387
-971
406
-685
-957
517
744
517
291
883
-649
-37
-81
-944
-430
-176
-738
776
-543
34
-105
-424
936
-946
782
187
-38
-729
-987
-855
888
875
80
773
-665
-909
-339
-91
253
-675
-543
-831
206
-839
-529
505
672
769
693
207
425
-152
38
-685
422
-535
99
-17
264
-934
-978
704
966
324
-881
-686
-355
-269
268
-100
387
225
-639
-29
-399
684
-267
-505
-868
867
73
-704
102
722
302
-530
748
-884
802
-879
-517
-766
-561
827
-792
-929
226
-123
122
-393
679
851
160
-651
-53
-735
-359
325
257
896
393
-284
-251
923
-532
-885
-386
112
792
-255
-540
31
-637
742
-293
586
246
-279
-503
-796
-965
-712
-511
-304
594
-553
-571
524
208
220
354
-298
759
815
283
-915
-512
-920
-422
29
-227
-570
172
-560
-8
406
-959
-436
-728
-484
832
392
687
449
-158
565
-763
-942
692
-749
804
669
924
-708
743
-967
48
-224
-526
-662
-34
287
621
557
461
306
145
772
-612
928
177
23
232
-96
397
167
-835
478
591
-451
-968
869
-831
-514
959
-820
960
920
-354
687
824
464
-857
-662
197
-208
-460
222
203
159
-459
725
-31
-318
660
-616
-364
729
-653
599
671
305
381
442
134
-537
-869
805
-664
-589
287
-689
193
574
411
80
-497
-31
179
-621
-397
503
977
963
737
-776
-736
-872
811
-125
-562
295
-262
-69
107
739
239
-447
-255
-886
593
-947
743
868
648
485
715
-176
979
36
811
358
-771
-534
979
-218
621
-946
-365
-24
-261
-416
-463
-172
-918
649
-326
514
194
-6
780
338
880
226
-472
-367
737
-614
-156
841
503
417
-555
-569
-192
449
-698
-253
-149
-19
728
239
-222
755
-219
645
957
908
545
-245
363
-609
-53
294
-870
-531
-6
942
304
-170
786
-689
741
-407
418
-354
-942
-702
-750
193
325
436
320
-909
-401
-697
740
406
-41
-870
641
579
-908
-245
-352
-9
-805
331
24
-605
253
-78
456
-6
-535
-189
781
227
-381
564
-371
-757
-481
-303
-439
716
497
-884
-566
-575
589
-975
895
-934
116
475
916
252
572
-893
-391
140
780
-93
305
255
459
881
-631
761
821
920
480
471
979
-608
785
984
154
660
446
-969
-189
736
-238
-997
-604
-311
-694
-293
227
-546
-369
-382
-570
878
-860
-501
43
235
-457
793
230
795
-472
-975
-392
-2
449
511
-994
-914
-138
-522
889
-261
-482
920
933
-20
-573
654
-427
-513
829
154
524
65
378
654
132
-996
300
92
745
729
38
-90
933
-163
364
91
-887
488
122
-148
-142
75
236
-599
-164
814
-995
911
-753
234
-660
-509
714
37
-635
820
-478
-214
-5
-499
-970
-292
653
685
-107
588
-775
-400
-441
427
57
538
394
-328
52
-132
-621
-177
800
-459
862
-214
386
323
618
266
-94
306
-353
53
549
820
204
745
-826
942
691
433
-808
-381
-757
855
564
-495
337
495
564
372
71
919
-92
-862
-304
-357
311
483
559
-744
57
-513
146
375
141
-848
681
-377
582
367
262
781
-568
-790
283
345
-25
-142
-691
-679
812
180
-106
61
-688
-301
-856
438
-356
861
653
-625
-347
884
-158
286
990
-394
576
-197
-880
-934
80
-4
-154
-447
705
-751
836
-89
-412
-570
-893
37
351
645
-14
209
-267
21
-281
-617
-521
271
-675
-601
-83
93
-898
761
145
-533
743
749
-196
-303
-320
-190
184
631
948
469
286
868
272
-131
357
84
-40
103
454
-429
813
-847
-876
480
-383
-525
797
441
994
-64
220
-504
294
226
-368
-295
792
795
594
-991
-332
0
716
230
591
-576
456
-534
-557
-101
461
923
-260
723
-687
-302
-346
867
-917
505
-904
-859
843
540
-887
-592
240
862
423
198
-177
951
458
796
-301
-759
497
981
-617
-778
464
106
-868
938
628
-618
-917
521
-36
-910
-443
562
-264
-308
-948
289
932
810
-692
-467
863
791
-3
303
999
-425
-111
-356
-785
959
-26
-412
-288
-289
765
-506
622
-227
-411
-509
861
483
671
799
-189
8
321
-438
847
-99
232
-800
439
440
-851
386
-696
-648
836
260
361
-788
-171
718
-996
924
-66
-117
187
-215
-303
489
463
251
-557
-123
259
709
-973
-382
-517
279
-652
-636
-354
701
95
-825
-913
177
-919
404
632
729
-799
-205
745
-823
126
-368
-626
514
-825
280
456
885
137
-54
890
-423
-780
97
-667
-621
-608
878
-269
-445
-394
638
-37
-118
878
571
88
200
832
-370
-398
-764
-139
913
-987
679
-163
910
-874
-891
-162
-776
-548
-181
500
297
-768
-608
-543
625
-383
754
-104
-244
-855
548
-669
-56
-805
-369
-132
-683
565
-712
100
-380
84
283
-592
407
585
92
-226
-820
-914
-611
-980
909
-453
833
815
-761
920
-782
-413
413
691
-249
-853
-652
-941
-425
848
-260
-314
-405
287
-514
-369
759
-151
-536
14
592
-482
77
-85
-171
-643
689
812
-401
-534
-480
17
134
777
455
-249
986
812
-913
-164
244
302
-704
-993
53
-790
33
116
301
-301
-213
-409
618
-465
-143
-739
-719
-811
-129
111
338
972
-380
-582
215
-580
267
741
-894
476
-146
-663
-968
428
-849
-437
233
-923
-264
-578
597
368
218
529
795
450
320
387
-663
97
850
823
-189
-427
466
-720
-125
-741
-215
-961
990
493
-312
-264
390
161
-830
-200
-682
91
555
90
968
-855
-909
-79
-2
72
72
257
416
-922
901
-201
-13
458
-440
-433
688
-812
-933
807
-26
-170
386
961
899
-770
-220
-654
303
-24
704
-383
623
386
-164
-317
-713
-511
213
-31
99
-909
116
416
-508
-437
-258
51
-92
-610
588
-334
187
-758
-887
-298
888
282
637
190
379
91
-124
285
525
-301
-388
-129
-739
964
-519
-208
345
-550
332
-251
653
-798
-28
-666
461
193
932
155
-605
935
-677
-22
-156
526
-358
-312
-899
743
973
264
2
636
75
242
234
282
613
125
86
54
-411
502
129
-696
-727
637
123
261
511
35
-232
-48
552
395
336
-667
766
554
301
-569
48
672
794
234
-68
524
-24
152
523
468
257
-221
-39
-790
832
639
-621
-295
-154
-673
-95
590
54
984
849
99
323
267
-377
-790
848
764
878
-390
175
129
587
864
899
-867
-247
-967
223
95
-910
435
-488
220
233
-35
213
-537
-943
28
-390
-177
849
129
-749
552
958
-545
-1000
-826
559
-234
343
904
-994
442
123
-356
-949
-36
201
-726
-542
306
-457
195
-161
618
944
203
644
290
-171
104
546
680
463
812
-380
-280
-222
-163
-415
189
-568
-564
295
-559
-558
-240
-385
-417
154
-967
-941
313
855
159
-940
214
-404
-395
455
540
331
-195
496
-959
-253
810
-344
188
-35
982
-869
379
-232
-985
-139
-155
-189
-428
45
-927
953
-767
-449
-670
10
-223
-256
-259
-354
-912
-581
-593
670
-11
660
-976
675
-273
775
271
549
-859
693
-542
-206
-507
-787
530
465
-296
713
-479
505
417
-382
302
-74
-942
-820
114
-625
76
-332
920
606
371
408
57
-727
-802
851
-304
-132
-851
-51
-198
-654
291
-819
-491
455
948
-390
549
924
818
-139
-756
-805
269
-545
499
-853
-870
156
502
-832
-740
281
691
-321
784
987
-37
-444
703
548
575
-391
985
-162
-423
-686
585
-171
-494
-919
-688
914
-222
173
-53
283
614
292
347
-457
128
236
-975
805
-801
-993
154
-158
-908
-95
-776
-128
-681
-356
878
949
-145
-724
-787
234
-406
-579
-476
515
-677
189
282
-757
697
851
-644
-558
950
852
-258
-218
685
203
-881
-572
23
699
923
-34
-264
745
-981
-93
-591
288
-584
112
737
664
333
-882
20
471
431
136
444
-304
243
42
-438
565
471
834
-661
366
794
167
-511
782
-512
-92
83
83
139
-101
616
199
-324
-928
-278
851
-707
622
-501
32
211
-553
210
-473
-105
-783
845
95
388
-433
-104
820
342
32
-259
-178
-385
327
350
-786
-2
-51
492
-429
403
-104
-786
779
193
-447
-857
606
96
275
821
-925
503
-260
-511
-410
908
-268
556
129
-213
233
932
-341
254
770
158
732
-798
-145
870
759
-997
-434
207
-458
257
-127
-978
644
-645
119
566
-822
-259
944
-892
22
-557
243
719
280
96
-970
-380
-937
-933
179
329
407
530
-413
508
-629
13
-156
-525
290
941
993
-330
97
274
-323
962
515
-810
625
113
153
-25
-63
288
-228
-381
754
-668
453
163
-69
76
11
-645
-978
-18
-816
-625
-595
-444
556
-241
-142
-902
-674
-649
-921
-715
720
390
832
179
651
-732
-969
514
-895
-769
188
-362
-250
723
974
164
-242
545
398
538
507
-85
968
-737
-987
-678
564
-864
849
303
-579
94
-199
-362
-663
-235
-607
-891
712
503
164
-891
-359
490
-709
133
272
925
-752
552
-100
179
-398
-48
-845
14
649
-840
-382
578
-83
701
297
-745
-149
-228
-45
-450
362
401
644
-995
-204
-108
-135
-894
-66
273
-869
-449
166
307
-699
685
-123
-91
-799
884
5
-756
-578
-898
-37
960
-711
412
980
831
511
651
-860
698
577
541
913
-511
-246
-218
840
920
-990
-419
-508
845
-960
540
615
155
-371
599
54
71
-974
230
355
509
-816
-509
-526
358
-766
-807
-858
951
-682
-56
-736
792
908
-851
-498
601
382
-638
671
82
808
-477
321
-235
675
438
366
-970
-848
193
963
-80
-587
141
514
728
-600
-42
-787
746
-607
-56
-823
-687
-759
-498
-27
-610
-134
408
-895
-961
587
232
365
137
-891
891
994
-24
-638
-517
355
593
-829
597
-653
413
-487
-156
33
198
415
-278
79
-520
-28
-34
592
-855
515
-124
-947
-631
-595
-640
543
-246
573
827
660
-128
61
-184
870
-111
287
925
647
321
-541
-753
802
-900
-462
442
451
299
-363
87
-305
363
497
255
-347
955
-550
100
-460
874
118
-204
-715
-856
-103
-284
444
-695
-637
265
-730
-493
-440
9
-315
-776
-190
233
345
55
-704
886
454
435
-531
891
894
343
-397
449
-567
-716
561
753
756
997
671
-350
457
15
899
-200
566
735
-799
936
-984
-824
733
-471
-334
697
-264
-4
-184
184
-648
151
-351
979
-725
-831
275
303
-634
-526
-636
-749
499
203
-155
-919
-922
-758
32
-531
-536
99
238
917
-246
233
-109
753
634
14
76
-155
162
424
588
477
820
-890
-270
-781
-700
-467
316
659
-82
-753
132
990
-805
-975
-736
875
884
57
-723
353
-461
822
336
-664
-638
416
140
-48
649
229
-63
820
-982
-432
-250
-333
-154
-429
-974
902
-848
102
-319
-995
-618
-12
-783
-501
-428
838
-892
983
-432
-836
-199
-239
-315
846
123
-120
820
744
158
664
190
-696
-807
788
-566
457
-511
-875
-949
834
-17
178
-703
-425
-473
544
740
-471
-517
494
-324
-454
260
-541
-486
943
612
459
660
-461
-820
-85
522
-931
426
615
226
585
80
-760
-386
-121
230
233
-259
-920
863
731
366
305
855
-463
-236
-343
-361
17
650
47
-482
-425
-675
802
-534
-272
-772
784
157
895
712
303
-402
885
205
497
91
152
-565
192
109
903
185
-892
-532
132
-200
704
750
-627
-479
455
805
210
-597
-224
664
649
904
238
-639
487
-772
-769
501
-907
714
53
-77
-206
382
916
626
757
30
-135
-824
-87
224
-977
797
-885
563
-791
-773
-593
-487
-395
-763
-361
-142
-737
-687
605
-370
-170
488
145
1
932
674
87
711
-58
500
956
-217
-506
729
5
-961
-981
462
609
179
38
34
702
-63
-440
-288
842
315
513
64
146
25
682
-246
-674
-799
-323
378
181
826
236
31
53
956
228
819
-915
611
806
817
839
460
-390
-779
-326
-6
444
428
444
693
-19
-910
-569
-577
-338
-600
300
-627
-778
-853
141
813
-289
636
231
94
108
-542
-161
856
-879
142
-311
365
214
-48
774
887
-971
923
160
615
994
852
806
806
977
591
-522
379
-150
-520
-237
607
288
-584
789
-756
-95
390
-642
-136
445
-644
991
875
-17
866
523
714
589
-543
-323
830
54
-420
-561
478
-849
954
788
918
-373
-950
292
598
-609
-928
-577
-764
-832
-786
990
-757
-227
225
-735
-278
881
86
-2
-317
-369
185
62
735
490
-251
177
131
215
316
635
-659
420
-413
-489
-623
787
829
-225
-823
-266
-286
649
427
-212
669
395
-58
-92
-314
-30
796
395
621
-75
56
-167
891
972
375
764
-166
-17
259
-440
-43
-996
741
-541
91
-13
-129
-629
-932
292
-94
429
-910
514
397
816
201
-361
-610
197
564
-95
-638
494
-773
-172
719
313
175
-872
675
984
-761
751
786
-223
837
-517
852
983
-669
-833
-737
742
-154
-753
-748
-961
734
-237
-80
-190
-933
671
-128
192
-940
204
410
192
-47
-9
193
38
-485
330
703
193
882
874
-637
-336
-12
-234
827
-252
-500
-175
425
851
-516
973
488
550
-868
-467
537
-76
85
-115
375
61
-486
-524
-303
449
501
-787
-255
-161
244
773
108
-164
-634
-577
136
659
750
-825
220
-236
-786
907
-711
361
261
-893
-559
162
712
-817
-112
16
-621
-520
466
-215
77
-482
513
928
333
-567
364
939
988
971
140
284
868
-972
928
971
-524
-545
-157
376
607
775
930
-800
-739
-510
964
-147
-709
-932
-271
-871
-261
-144
946
897
-920
808
-108
781
-913
260
396
-554
735
318
76
914
185
-730
817
-301
-719
-728
32
-749
804
-475
274
-454
-256
502
227
-203
-856
70
-177
-791
962
-223
101
563
-160
-877
-349
-702
609
566
-77
65
185
-235
-711
954
238
-504
-804
605
192
-392
786
-72
153
907
-373
-5
521
-663
670
-523
140
-315
668
541
-800
343
-508
204
-951
-353
56
-835
436
650
471
229
-955
-694
-496
100
267
324
352
466
185
532
-413
-497
-935
307
911
185
-991
11
-897
-609
-111
-296
328
-881
135
210
528
-437
-689
-868
853
-733
259
875
803
-952
978
104
-43
733
176
590
875
-387
946
-828
724
-333
727
-478
847
135
-687
847
747
-83
401
-391
807
-575
706
-228
-312
-625
27
-377
234
717
-387
206
112
-732
7
407
-886
-468
572
244
497
-958
989
910
377
683
-347
390
305
888
522
818
-877
-430
-10
-919
659
-401
654
928
569
-655
-50
-994
-775
-493
689
-426
-146
360
299
87
828
91
-734
-635
-845
830
624
-703
-96
239
-632
-937
-930
932
295
-433
-888
557
-145
-653
304
183
793
-610
-943
-465
704
635
-477
-502
252
805
146
273
-487
438
-443
-262
-341
-139
-783
859
-776
-989
900
-288
233
815
-562
39
-743
521
-195
-95
-745
-809
791
670
-357
332
938
-697
-705
-448
-816
-329
629
972
285
-494
201
916
573
460
652
528
-77
-129
-504
820
-152
24
410
395
827
604
-286
-256
409
939
836
-783
-655
-415
-462
838
632
843
814
-496
418
-260
-792
-791
-949
331
675
-548
616
-464
94
-164
-857
764
-32
-219
587
-374
98
-338
56
-519
535
214
984
-512
861
478
-231
-625
-173
-626
-846
485
271
832
694
848
-275
468
197
175
970
-192
707
-447
-305
569
3
865
681
858
49
-772
-174
355
786
-963
-150
-32
-51
652
196
937
-20
-926
916
-880
201
0
-326
255
-721
763
86
366
795
-122
-808
687
-309
-388
-997
760
985
-259
428
575
-107
523
-659
222
218
-173
-743
882
-76
-51
722
959
296
-281
-318
36
-300
-217
-339
-219
956
-192
-456
179
328
624
193
733
-866
420
477
-820
-5
530
-435
265
-196
231
-62
300
937
796
507
61
341
446
-962
692
186
789
-816
-577
-683
-224
162
-212
479
-376
573
684
372
-25
60
35
160
-984
820
561
656
-519
309
16
490
631
922
685
178
-598
-818
177
943
-350
391
-753
982
95
-976
-692
228
-286
911
-338
439
-193
-192
116
675
-237
-973
981
115
108
790
-935
-826
-111
348
941
-913
-165
-837
272
-847
-637
814
381
-835
-351
823
-552
910
-512
-449
-403
883
59
-230
948
-575
89
71
-368
37
737
-805
-875
-906
911
-552
523
421
450
-614
-237
-160
300
811
-42
-382
994
-132
661
-325
379
-65
617
-421
-568
379
-979
-82
189
387
-155
-148
-293
652
-546
988
-386
-591
-964
-24
50
849
99
646
407
459
371
421
-702
-456
-131
794
-45
658
-283
-893
-461
220
963
715
409
640
439
157
-218
890
356
-264
-210
-192
135
302
-724
-278
-703
587
828
204
62
-585
749
224
896
489
544
323
871
-280
702
740
113
-146
-901
-571
-941
-277
640
973
-643
4
461
-862
900
612
804
742
-174
469
46
-997
-371
644
249
-238
571
20
654
-557
712
346
-272
590
-124
-423
903
155
31
402
922
-88
737
87
267
-78
436
-8
-739
-435
849
975
-445
975
369
575
-760
595
-784
-706
526
-22
-694
999
545
-149
74
837
-789
679
917
-95
-513
-607
-550
-962
945
-878
-74
976
992
-230
-109
-906
870
428
241
-471
-123
-861
-268
746
-785
558
-340
27
-826
-651
93
-27
-856
-516
825
-566
344
-265
-705
739
-747
-352
149
240
920
172
192
736
861
465
563
464
-841
742
300
830
781
-92
657
-763
556
241
-720
163
-217
73
-957
-945
-935
133
-268
390
331
-143
-261
-55
360
589
-878
525
-20
581
612
909
-738
625
-967
-705
852
-927
-235
792
831
694
-164
-979
35
-651
408
173
-694
-585
77
-979
-704
977
-545
-288
-122
-647
-940
648
-429
-324
211
-413
676
-720
388
318
-737
256
47
-789
-194
569
-496
-562
211
-643
235
334
51
-412
-491
-32
-604
-15
-518
-641
-659
-961
970
77
324
-709
-811
907
-237
653
305
714
-145
-712
543
463
-268
571
62
396
863
-467
-300
245
695
-347
-646
-277
809
559
995
989
925
-998
28
757
-112
324
557
-549
-630
330
-388
256
690
-337
-573
-762
33
990
-259
-522
-676
985
352
-588
828
-556
-388
-918
-158
707
732
45
-51
720
860
559
-236
-404
-834
246
-184
-782
70
-730
367
466
-308
655
-647
52
894
81
-789
482
-84
-174
202
-85
-446
-481
-188
-271
-941
-579
-991
32
241
259
58
308
-19
478
936
31
73
280
233
149
-87
712
-280
292
959
903
719
-687
415
-961
963
602
736
657
533
-318
-502
-209
-167
862
84
-208
-852
-882
981
968
-911
-640
68
-687
96
609
-681
-546
-523
635
757
389
-324
653
414
381
-138
406
-596
-213
508
-403
-410
-621
-456
-628
-733
421
-218
374
78
464
51
61
-467
-239
587
-392
936
-394
-256
73
235
210
-31
861
784
766
865
597
-744
165
-347
-594
925
-965
-740
-757
82
217
-846
-901
-989
561
-681
196
788
-586
-332
-301
249
223
327
126
-2
838
442
78
-529
-527
713
853
536
-784
791
456
215
-248
117
-695
-498
-186
463
279
-911
-708
-421
256
581
736
767
-901
-425
-639
96
872
763
447
-872
331
-873
547
-605
999
-3
162
-359
-415
158
805
-923
-939
176
-370
-951
-852
-653
477
34
172
-56
797
730
-490
-614
-423
-823
-997
-598
375
-624
617
136
-348
-713
-987
-350
-465
54
-880
945
-246
-980
785
-208
-400
-711
-779
948
849
239
-160
-211
454
458
31
-939
795
-340
589
-276
436
-230
645
335
-20
-411
124
458
-105
-66
100
-652
573
179
239
915
323
-342
44
754
-669
-133
-719
731
-319
-698
-926
-770
502
917
-680
952
-200
762
92
376
-353
867
-959
864
-220
-57
-32
-926
123
-408
-395
-636
-118
-846
965
-137
-243
-222
611
-783
691
853
-525
-804
81
94
196
636
402
626
-638
-724
-551
796
-556
-401
-805
-436
-450
363
-488
421
-689
872
-649
-90
-83
-721
679
695
-613
-90
866
699
-176
541
315
-371
-834
-149
-845
-540
-779
-725
-914
-636
-887
827
-432
-789
-186
48
354
804
347
677
-110
802
-734
558
-627
-521
380
491
-427
90
267
-508
-206
795
-707
70
830
536
-262
-941
271
-958
-140
986
838
568
66
971
754
733
853
33
-338
768
-567
-998
-432
-930
150
-809
38
431
-858
760
-434
-88
-75
-583
669
-956
653
-525
-811
-854
478
863
900
-574
-46
-465
176
-363
800
508
-212
-257
166
986
739
372
-155
-866
137
-424
310
162
602
139
811
528
13
534
323
-628
-276
581
484
-670
860
773
-286
923
302
-371
234
-697
-57
515
-515
-496
116
-809
415
-992
543
602
531
-434
888
-237
934
470
671
565
952
-908
427
446
-659
959
-609
-912
-597
-724
117
-535
172
-360
-438
-358
-874
-601
-536
-625
63
716
-872
999
-508
-625
-47
-338
-608
217
-319
-31
-482
-861
988
510
-662
5
-795
6
-737
-188
-615
-504
-198
934
184
416
503
-285
434
513
-290
-596
527
-49
-945
-438
-191
-657
-597
41
0
750
-443
355
967
645
150
-325
788
390
-996
-218
460
301
-535
580
157
429
-791
-778
689
-384
-606
-60
23
-831
-57
-518
-233
-78
430
159
-722
-330
176
-539
-884
-464
461
-599
221
267
734
704
371
-600
19
-4
838
-712
560
-516
-295
-363
-279
590
-232
484
235
-64
-94
-275
-620
112
701
-644
-350
957
806
814
208
176
683
708
417
-101
384
393
-288
690
506
781
533
-713
-379
-966
-654
278
-167
-865
-856
-562
-706
152
-208
735
-886
876
-76
-496
993
98
-351
-343
178
376
777
-877
927
-533
-523
109
-915
-267
-239
528
-902
814
224
914
446
-160
831
351
81
-126
-443
-598
181
111
205
-160
-585
949
-435
-654
-268
577
961
-495
961
-745
-396
-782
400
860
300
-775
-834
-207
-297
430
501
-596
887
689
181
-719
528
143
-55
6
123
-710
233
366
-808
-324
849
325
-626
257
446
453
264
-290
147
137
869
-181
-519
-713
216
-162
525
912
5
36
-24
31
-437
-444
771
790
722
149
-580
-709
-869
-777
905
-724
-391
580
-459
861
950
-196
-712
-52
810
959
-852
625
-5
-346
-675
-774
-783
912
-492
-527
-554
-376
-396
403
-731
-373
-636
-478
-616
627
344
-134
-538
-489
444
881
267
589
483
-14
-783
187
-622
508
-448
-137
862
-372
-438
184
721
545
51
462
784
-298
372
36
123
667
170
793
-339
-937
853
-125
-329
-720
-556
109
469
-947
-95
-43
-980
390
-741
97
665
-132
-813
-720
-154
-337
-332
-963
-632
587
-27
888
-328
186
605
-324
895
-71
-302
-30
874
-216
-161
-950
-559
107
-230
225
224
677
603
738
888
862
792
909
81
-754
495
-136
754
-76
601
-710
942
-893
-19
-586
-444
-979
-392
-890
-603
364
309
920
-135
-298
230
-238
23
-174
707
127
34
-706
701
198
497
-799
-565
439
45
-39
278
252
-943
950
746
-16
-198
-238
-343
-413
834
215
49
65
828
925
390
263
-649
-728
172
-166
-738
61
-886
-314
901
-962
-525
-256
573
-93
-291
-556
-896
704
-786
-629
-726
387
-39
868
-444
-875
-950
517
-421
118
-767
-981
480
-247
180
397
926
646
900
-56
442
-494
953
934
886
-317
769
-353
-795
-882
10
533
496
554
973
-701
21
255
258
-176
-867
36
338
-338
-417
-949
879
-548
578
66
186
123
-570
519
66
280
649
-292
-420
-787
834
942
-679
943
-734
449
-746
149
30
-8
-744
217
-605
-493
-663
-666
145
-657
617
-514
-861
-402
779
609
-6
-181
-738
-503
-282
-546
-185
920
-108
-700
467
-181
925
-485
-896
-552
221
-501
-833
463
-790
10
-141
-474
103
-957
898
453
588
593
-972
280
-840
323
-624
730
341
-149
-703
-113
688
4
-752
-673
-381
-295
-981
-777
-627
25
512
-405
273
-45
870
361
153
812
-35
-45
776
-64
128
851
45
-486
-670
1000
-449
737
-524
565
69
-609
-586
-304
-285
235
442
-499
-276
-487
-204
106
-864
-513
389
153
839
409
735
-656
-182
-868
-34
-767
-549
811
78
970
221
94
1
-956
900
-590
-141
65
10
-728
-358
-543
925
257
756
-774
913
234
-9
413
912
559
734
-318
-266
-131
995
-168
887
-384
164
-439
353
-761
-131
-238
361
237
620
-832
961
-726
-828
-115
-808
-373
-7
403
422
-156
911
-549
-736
-173
673
-135
412
596
577
-295
-350
-784
21
-401
502
-935
842
933
61
151
115
521
49
837
717
-75
998
568
-184
383
-207
653
32
-874
916
-724
-532
-504
246
-574
-897
907
-391
339
41
857
-185
-878
-135
-955
634
-255
-176
63
584
-483
-358
-10
-443
-97
580
414
-805
-262
-314
-807
-25
202
-989
-598
83
660
-526
-877
483
629
-533
-138
-897
-975
-388
-782
672
130
-352
-912
548
-656
436
802
-75
-794
625
666
343
583
-212
-151
-150
568
511
522
337
-859
935
-671
260
344
197
-67
-567
975
854
-888
-805
946
-946
-157
410
-152
697
589
-248
475
125
980
-964
851
-642
-570
-651
-263
-965
917
-62
-596
-156
69
595
498
-948
-29
757
527
402
442
858
-861
147
-368
526
-223
-794
-30
822
509
-703
974
-219
-578
991
830
-676
-709
-664
-880
-587
920
-750
-116
-97
28
179
-416
-785
-947
-615
764
-732
-933
771
-944
31
-662
157
-478
115
-64
87
672
-398
-708
740
459
771
826
-600
-997
410
-408
-428
-540
-669
731
152
429
-655
-498
-376
-760
-100
423
322
950
-211
702
954
87
-268
-122
-628
807
-206
817
885
-518
-444
146
230
939
-533
582
-651
-421
549
238
653
-83
-960
106
-86
-339
-706
632
-503
578
312
-443
960
-415
-35
-814
-901
-105
45
163
-675
-642
236
101
827
553
866
-122
816
243
223
-182
176
-758
356
-795
782
82
-117
312
978
-741
-299
-618
831
-580
474
978
665
-246
-993
-882
965
289
614
552
-359
-595
-79
-142
-28
338
-235
-805
-932
-138
607
216
619
958
-861
399
721
-61
-882
111
-172
553
-812
-148
-471
432
227
472
-277
-409
-234
69
12
741
407
-300
165
-46
-810
-136
-664
-557
-64
-715
-396
301
337
543
172
460
-93
276
-775
-762
-272
936
-541
406
-109
116
-527
-42
471
374
-972
432
815
460
-968
1000
842
906
-373
-876
-445
468
-39
66
814
-595
795
-208
-138
325
782
505
110
-591
447
611
-24
781
291
98
977
-195
-253
-316
-585
-245
737
420
-910
-248
33
973
-715
86
490
-505
732
74
-933
629
842
-723
52
-608
190
590
964
-606
472
430
-772
7
-556
-169
-503
-168
475
-273
88
274
919
785
-442
-246
48
-639
542
-185
-265
-894
-762
-923
351
563
-159
889
-513
984
-919
-806
-355
-791
807
655
720
855
714
693
-62
431
848
-500
-937
529
-57
333
-726
-269
-665
172
-598
589
556
780
180
-1
-241
456
-192
-795
837
246
890
-791
89
257
-281
877
380
-965
277
799
-38
754
291
496
106
-212
810
-403
188
616
-627
276
-990
732
-945
377
-805
-44
-375
-978
705
-230
792
706
107
81
-897
112
989
-894
-32
828
-513
778
162
-220
149
104
770
-100
-567
-845
719
-150
-675
-822
-498
-914
-439
165
-117
60
-939
-213
-769
-207
311
-802
-583
-986
903
-654
-676
907
827
-187
-327
-279
518
-301
-181
530
31
724
-619
167
-531
-53
878
341
798
871
407
158
-413
-621
-539
-178
-4
-945
-182
-786
-743
287
778
-628
-972
-177
-854
-413
93
2
-984
694
-920
348
-829
456
-575
-55
-732
827
324
98
48
-554
-799
465
409
625
360
571
-716
-879
-758
610
394
-484
-430
-260
80
-313
-432
-871
574
-29
-529
-366
-463
781
-144
776
935
-358
-312
-243
242
404
-413
-49
601
795
354
-266
-153
-182
857
-135
150
662
-947
-160
323
501
81
-865
637
-537
828
838
679
-871
102
-458
303
29
703
-366
187
-831
-186
-154
-57
64
777
316
-452
-444
-805
51
248
-143
566
-899
697
543
549
540
408
338
-796
-726
333
-317
108
385
-613
60
712
-93
-12
-307
511
-799
-202
-953
-123
597
643
-514
691
-579
-324
-785
-534
428
117
-215
292
-595
-282
-246
-608
14
-477
-795
-82
82
823
-954
-22
976
60
241
631
-167
640
-368
-387
-195
289
966
-834
109
-383
-111
-862
-15
317
-710
-92
34
-81
-586
-717
-404
-762
471
-126
-165
139
-74
-150
-480
105
-56
-667
1
-200
-106
726
-599
734
145
449
465
279
234
443
840
376
-840
335
-620
455
1
-597
183
961
-328
622
-979
-780
626
-773
-623
75
497
652
259
-935
-440
-79
-144
288
-535
162
-65
5
727
438
68
137
409
-469
603
-230
-441
-957
-664
-334
355
201
-961
133
-93
223
-618
-818
923
-445
-57
56
-179
377
-742
-203
748
-631
1000
361
675
-511
18
705
989
-883
278
7
-621
208
917
885
-776
821
635
-345
591
541
-268
665
-297
-478
458
259
39
407
173
-109
892
457
-767
681
-947
-610
484
-110
555
196
-999
305
-300
-322
311
656
-36
-659
192
190
-969
670
-393
17
514
-431
972
-855
-78
-19
600
-791
-43
317
396
-786
287
293
-572
-705
-298
32
-484
-673
895
842
312
175
-68
824
-576
609
-779
-725
543
461
441
596
-51
-749
-854
628
-728
-31
310
-647
-83
-34
-629
604
-640
-311
374
-659
23
-660
-604
719
-425
860
-774
-867
392
-340
502
443
621
-349
-942
-985
-72
73
537
-991
493
168
118
-961
-355
669
238
-919
663
454
-256
-243
719
332
608
446
264
-446
765
100
56
-633
-884
493
-520
-887
514
-166
-871
-308
426
-719
-542
653
103
-188
942
-986
705
554
-838
506
967
-816
901
807
248
-105
343
-542
-881
-823
646
877
-405
152
-857
737
-339
852
739
817
400
-240
823
-671
395
-463
-737
-345
-124
556
-159
-810
838
-416
-480
448
231
637
69
-883
875
475
-834
729
827
857
231
-199
436
288
524
242
624
701
346
831
-783
-147
-557
617
422
-662
-858
740
793
24
-245
-626
222
334
-243
319
596
85
-164
480
-525
773
-593
839
-361
-408
-955
-467
-787
26
800
-932
854
-421
-878
-82
-640
-405
525
-166
115
-384
-16
935
-336
359
-827
30
969
526
-724
-597
702
-557
-554
-927
759
230
120
336
629
411
-835
717
-293
-134
881
823
-961
-288
-956
518
-74
-593
203
-172
-522
-55
-255
-20
-187
-478
-119
-418
-684
-710
-438
-972
176
839
-356
618
-136
939
-178
-45
266
-263
222
-51
-87
-121
-144
622
562
-980
182
892
-340
-598
-993
959
553
949
-426
515
746
-360
-103
-418
-465
-774
-877
151
-145
-796
-343
972
-632
49
409
408
411
-875
357
767
993
43
-731
-815
-821
652
-91
-500
53
721
-981
-474
-934
-301
558
-914
627
-531
-964
751
-808
-107
539
966
-620
301
402
-540
855
943
-396
-184
-650
755
822
-7
-27
-789
916
428
223
32
940
-838
963
-622
-554
739
825
158
-152
684
-791
-814
-418
-92
654
-884
-563
-935
699
-870
-129
-459
254
165
-393
122
-489
510
22
-420
-77
282
-295
-404
-991
313
112
-912
999
823
446
-639
998
433
464
-162
159
552
-684
-592
1
-521
535
-680
213
-60
-830
-116
695
953
129
118
339
-228
-609
488
649
-877
-28
190
-472
162
785
766
957
412
-653
444
-613
414
309
-764
-11
50
69
-691
-638
-615
525
214
-241
-300
-701
-780
503
-761
831
256
198
-738
-587
-740
776
-271
426
-44
-542
672
474
219
206
386
-825
577
-288
-15
721
827
-939
670
94
-126
-754
949
-56
-918
-947
-222
673
-305
581
-768
707
458
-314
983
571
-563
969
-502
-574
-211
599
376
-181
-636
-575
-994
558
-294
668
-722
-739
228
715
-681
-494
682
784
-571
-509
237
-987
145
189
-77
-442
925
237
-781
656
429
-671
-193
-516
-405
942
607
-496
489
-568
-235
-866
-908
-794
-800
665
195
566
96
-558
21
964
627
543
-119
122
-557
897
35
51
755
-480
454
129
-7
-169
47
70
-975
-235
-895
-407
227
-40
-739
700
709
617
93
50
816
629
-172
216
-591
209
909
-486
-705
604
-815
852
694
-450
-628
-172
-302
-270
-169
-732
239
197
972
-84
518
586
293
-603
214
-552
945
857
878
-889
808
968
-491
10
589
986
-256
-891
-780
666
-398
-921
-656
752
944
-369
636
-355
838
-931
193
485
-289
193
-336
544
625
693
-50
-884
654
123
-61
-777
-104
-457
54
-70
688
192
47
783
-979
275
-917
-510
-973
-481
985
-422
100
190
-765
627
-390
286
-923
-13
671
444
62
690
487
65
516
264
-540
992
306
950
5
502
-868
-256
-633
-491
755
932
993
389
-236
936
511
239
496
-412
-166
-800
-208
506
-93
-396
788
690
50
653
-217
-298
168
623
-910
304
894
-388
668
196
-862
813
-141
748
91
-995
27
107
-694
11
572
714
828
946
-507
-474
-224
-768
-292
253
-236
749
-676
276
245
-708
-511
97
-698
692
122
-209
695
349
233
-259
-351
-755
803
-430
-486
-766
-128
-261
-365
-582
419
325
-726
-572
-476
939
-488
-384
-954
778
-152
97
-338
-403
-586
769
173
-16
-518
859
196
-340
885
-2
712
-691
997
903
-986
-686
618
999
249
-663
-488
-339
573
-521
-31
-269
-779
-742
670
925
937
164
130
-762
235
-589
392
-214
242
568
-187
777
714
-689
-527
990
-610
-832
71
866
-588
-106
179
657
-97
-790
-123
-212
191
164
-501
-292
-505
195
-636
-628
858
781
515
201
435
663
493
789
562
-815
-300
138
-736
325
-723
-945
946
305
943
-496
-327
-837
-445
903
-466
-480
-173
-552
342
-32
-214
-272
305
-818
623
848
43
497
483
664
-810
-210
725
255
-720
423
-433
-752
-548
-994
731
-353
560
-276
-838
208
399
-156
516
476
943
530
509
717
-194
-969
594
974
-388
935
-644
-109
-948
-480
850
-61
-311
-228
42
-512
-237
-970
768
-439
-875
-911
-637
2
392
-811
20
-171
-823
658
286
240
699
260
-480
-944
-224
-970
-166
-614
352
-308
-699
-800
-522
-817
-710
-289
852
-767
-577
140
-640
639
142
642
423
-151
859
899
-675
803
138
-394
546
643
-200
-523
88
-296
-618
662
934
711
-479
-825
60
678
675
-84
765
41
-505
-940
631
5
-274
-343
937
-248
331
348
877
933
-337
-119
349
-113
-282
-528
301
653
35
942
-564
-825
938
578
-915
-110
-792
403
596
-458
436
869
-16
253
-116
940
-494
438
-635
-960
-3
-856
-528
-59
-404
-571
44
347
96
-224
-101
224
-453
-410
418
-379
534
333
166
-795
972
-558
509
-415
-334
915
-370
506
77
423
895
195
-74
659
-859
-89
-877
224
-493
701
680
583
871
18
370
-358
248
516
720
-437
-770
743
-886
-862
281
747
109
695
-994
443
-250
-15
844
217
249
-473
709
703
161
-200
-609
-131
-485
-251
-528
528
-573
552
711
-33
-666
116
545
-548
454
-170
-367
1000
61
955
-257
332
95
-630
-241
330
558
752
-144
815
-197
87
-989
-61
393
-595
-413
789
713
-461
200
-590
-1
-852
-285
-653
-215
-749
-417
748
485
156
715
281
182
-365
-987
-311
861
362
-660
224
250
36
-610
244
336
585
63
-55
519
-782
-717
781
-726
136
993
530
-941
240
-742
-850
978
-485
630
742
889
468
127
463
-751
197
430
796
-749
-909
-311
-194
666
284
-446
-448
664
-495
849
-996
-112
-308
-859
883
290
340
-481
916
487
731
-367
-138
102
112
73
-633
-125
321
-223
90
-205
155
660
829
474
976
-11
340
-630
484
-944
-22
943
186
-842
508
685
616
951
715
675
49
211
567
-153
990
-391
-586
40
535
-809
-456
-20
-251
276
-513
-219
961
-959
-505
21
-386
196
808
734
179
657
-368
707
-724
-684
2
950
877
74
-486
609
562
910
618
637
-529
-691
-851
-184
-557
-627
-191
536
-544
634
-471
-861
635
183
137
-15
-624
-541
434
-85
-880
-987
497
283
216
-889
453
780
-72
433
207
874
326
433
-773
645
-644
720
-23
478
-717
-655
780
-560
649
859
894
-43
420
588
251
-652
356
-580
-7
-695
551
-648
-146
-425
-683
984
-650
-965
-508
985
-573
-939
979
32
-89
-708
434
209
-5
-601
-20
270
497
341
-41
-713
809
503
-847
-524
612
-579
322
979
702
390
-492
-936
327
-945
-510
579
-932
-395
-160
-103
398
-550
424
-578
-200
309
-433
314
-608
403
817
629
934
-628
-818
-480
410
-991
-24
975
473
122
184
-635
-781
610
-424
680
870
938
-187
-816
720
903
-165
-536
-388
708
-519
-529
-71
692
660
-864
-901
724
-527
-762
672
780
44
-836
464
596
78
-361
53
-911
-430
587
-508
-318
15
721
427
-290
-192
317
969
-390
794
524
315
-577
